# 2 - trình chiếu/2d - ALL-NEW mẫu nhà Cashmere hoàn toàn mới/2d2 - NPD#19 - Kiến trúc - PCCC.pdf

---

## Trang 1

| 100 1050 | 800 250 1700 10 |  | 0003
0 |  |
| --- | --- | --- | --- | --- |
|  |  |  |  |  |
|  |  |  |  |  |
| 700 80 | 0 700 500 800 500 |  | 0043 |  |
|  |  |  |  |  |
| 200 | 2250 1550 |  | 0043 | 0549 |
|  |  |  |  |  |
| 200 | 2700 1100 |  | 0043 | 1 |
|  |  |  |  |  |
|  |  |  |  |  |
|  |  |  |  |  |
| 150 |  |  | 0092 |  |
|  | 3600 250 |  |  |  |
|  |  |  |  |  |
|  |  |  |  |  |
|  |  |  |  |  |
| 150 950 | 250 2400 | 250 | 0092 |  |
|  | 4000 |  |  |  |


|  | 1200 800 2000 | 0003 |  |
| --- | --- | --- | --- |
|  |  |  |  |
|  | 650 1400 700 450 | 0043 |  |
|  | 650 1400 700 450 | 0043 | 0549 |
|  | 650 1400 700 450 | 0043 | 1 |
|  | 650 1400 700 450 | 0092 |  |
|  |  | 0092 |  |
|  | 4000 |  |  |


|  |
| --- |
|  |


|  | 0021
008
0001 |  |  |  |  |  |  |  |  |  |  |  |  |  |  |  | 0021
008
0001 | 0003 |  |  |  |
| --- | --- | --- | --- | --- | --- | --- | --- | --- | --- | --- | --- | --- | --- | --- | --- | --- | --- | --- | --- | --- | --- |
|  |  |  |  |  |  |  |  |  |  |  |  |  |  |  |  |  |  |  |  |  |  |
|  |  |  |  |  |  |  |  |  |  |  |  |  |  |  |  |  |  |  |  |  |  |
|  |  |  |  |  |  |  |  |  | Mái lấy
sáng
950
006 |  |  |  |  |  |  |  |  |  |  |  |  |
|  |  |  |  |  |  |  |  |  |  |  |  |  |  |  |  |  |  |  |  |  |  |
|  | 009
0551
059 |  | 1650
GÁC LỬNG
0231 |  |  | 1650
GÁC LỬNG
0231 |  |  |  |  |  |  |  | GÁC LỬNG
0002 |  |  | 0001
0051
009 | 0043 |  |  |  |
|  |  |  |  |  |  |  |  |  |  |  |  |  |  |  |  |  |  |  |  |  |  |
|  |  |  |  |  |  |  |  |  |  |  |  |  |  |  |  |  |  |  |  |  |  |
|  |  |  |  | GÁC LỬNG |  |  |  |  |  |  |  |  |  |  |  |  |  |  |  |  |  |
|  |  |  |  |  |  |  |  |  |  |  |  |  |  |  |  |  |  |  |  |  |  |
|  |  |  |  |  |  |  |  |  |  |  |  |  |  |  |  |  |  |  |  |  |  |
|  | 004
006
0541
059 | 1200 | 1650
GÁC LỬNG
0231 |  |  | 1650
GÁC LỬNG
0231 |  |  |  |  |  |  |  | GÁC LỬNG
0002 |  |  | 0001
0051
009 | 0043 |  |  |  |
|  |  |  |  |  |  |  |  |  |  |  |  |  |  |  |  |  |  |  |  |  |  |
|  |  |  |  |  |  |  |  |  |  |  |  |  |  |  |  |  |  |  |  |  |  |
|  |  |  |  | GÁC LỬNG |  |  |  |  |  |  |  |  |  |  |  |  |  |  |  |  |  |
|  |  |  |  |  |  |  |  |  |  |  |  |  |  |  |  |  |  |  |  |  |  |
|  | 004
005001
0541
059 | 1200 | 1650
GÁC LỬNG
0231 |  |  | 1650
GÁC LỬNG
0231 |  |  |  |  |  |  |  | GÁC LỬNG
0002 |  |  | 0001
0051
009 | 0043 |  |  |  |
|  |  |  |  | GÁC LỬNG |  |  |  |  |  |  |  |  |  |  |  |  |  |  |  |  |  |
|  |  |  |  |  |  |  |  |  |  |  |  |  |  |  |  |  |  |  |  |  |  |
|  | 004
003053
0581
004 | 1200 |  |  |  |  |  |  |  |  |  |  |  | GÁC LỬNG
0081 |  |  | 005
0051
009 | 0092 |  |  |  |
|  | 055
0042 |  |  |  |  |  |  |  |  |  |  |  |  |  |  |  | 059
0051
0 | 0092 |  |  |  |
|  | 0 |  |  |  |  |  |  |  |  |  |  |  |  |  |  |  | 09 | 054 |  |  |  |
| 2 | 2 |  |  |  |  |  |  |  |  |  |  |  |  |  |  |  |  |  |  |  |  |
|  |  |  |  |  |  | 2700 |  |  |  |  |  |  |  | 2970 |  | 1070 |  |  |  |  |  |
|  |  |  |  |  |  |  |  |  |  |  |  |  |  |  |  |  |  |  |  |  |  |
|  |  |  |  |  |  |  |  | 15060 |  |  |  |  |  |  |  |  |  |  |  |  |  |


THANG MÁY
KHU VỰC ĐỂ XE -0.450 SÂN SAU -0.500
BAN CÔNG
BAN CÔNG
BAN CÔNG
MÁI KÍNH
0031
1300
AIRWELL
13990 2000
2070 850 1550 2970
THANG MÁY
3
8
1 0
3750 2700 4570 4040
15060 1920
0004
PHÒNG 1C -0.450
THANG MÁY
05 03 01
07 09
6450 100
SÂN THƯỢNG SÂN THƯỢNG
+15.550 +15.550
0031
2000
2170 2700 4570 2970
3020 1550
3 8 1 0
IH-___-03
4570 4040
15060 1920
TẦNG 1
1300
TẦNG 2
TẦNG 3
TẦNG 4
TẦNG 5
TẦNG 6
0004
0011
0092
13990 2000
3750 2700 4570 2970
850 1550
3 8
1
0
3750 2700 4570 4040
1920
0004
05
18
07 09 11 13 15 17
0031
13990
400
IH-___-03 IH-___-03 IH-___-03 IH-___-03 IH-___-03 IH-___-03 IH-___-03 IH-___-03 IH-___-03 IH-___-03 IH-___-03 IH-___-03 IH-___-03
SẢNH TẦNG
01 +2.900
THÔNG TẦNG
03 17
05
07 09 11 13 15
1300
SẢNH TẦNG
+15.600
IH-___-03
1180
370
AIRWELL
17
09 11 13 15
IH-___-03 IH-___-03 IH-___-03
009
0001
0001
009
IH-___-03 IH-___-03
0091
054
0541
0541
059
0041
13990 2000
1200 3750 2700 4570 2970
2170 850 1550
3
8 1
0
1700 1000 1050 2250 900 370
3750 2700 4570 4040
15060 1920
MC 1-1
0003
0043
0043
0043
0092
0533
02
0021
008
0001
009
0551
059
004
006
0541
059
004
005001
0541
059
004
003053
0581
004
055
0042
02
006
0021
008
0001
0001
0001
0051
0001
0051
005
0051
059
0051
0003
0043
0043
0043
0092
0092
0062
01 03 05 07 09 11 13 15 17 18
THÔNG TẦNG 01 03 05 07 09 11 13 15 17 18
THANG MÁY
Mái thang
máy
Mái lấy sáng
950
1200
1200
1200
MẶT CẮT 1-1
0031 1300
AIRWELL
THANG MÁY
3690
SẢNH TẦNG +9.200 05 03 01
18
07 09 11 13 15 17
0031 1300
900
0091
059
059
0551
059
0051
1900
0541
2600 2020
0082
009 009
009
AIRWELL
THANG MÁY
SẢNH TẦNG +12.600 05 03 01
18
07 09 11 13 15 17
0031 1300
900
0091
059
059
0551
059
0051
1900
0541 2600 2020
0004
0004
0004
0082
009 009
009
13990 2000
1200 3750 2700 4570 2970
2170 850 1550
3
3700 8
1 900 0
1700 1000 1050 2470 900 150
3750 2700 4570 4040
15060 1920
0091
059
059
0551
059
0051
2120
0541
2600 2020
0082
009 009
009
PHÒNG 3B
+5.800
PHÒNG 3A SẢNH TẦNG +5.800 +5.800
PHÒNG 3C
+5.800
058
1800
900
6520
370 900 2250 900 150
0002
0002
0082
001
0001
009
2870
0081
009
053
0541
3750 2700
15060
009
2370
0001
0001
0001
0001
TẦNG 7
+19.000
TẦNG 6 +16.000
TẦNG 5
+12.600
2960
TẦNG 4
+9.200
3150
TẦNG 3
+5.800
TẦNG 2
+2.900
2960
±0.000
TẦNG 1
-0.450
MÁI
+19.000
2960
TẦNG 6 +16.000
TẦNG 5
+12.600
13990 2000
1200 3750 2700 4570 2970
2170 850 1550
2960
TẦNG 4
+9.200 3
8 1 0
1700 1000 1050 2250 900 370
3750 2700 4570 4040 TẦNG 3
+5.800 15060 1920
TẦNG 2
+2.900
±0.000
TẦNG 1
-0.450
3750 2700 4570 2970 1070
15060
0003
0043
0043
0043
0092
0092
054
05491
TẦNG 7
+19.000
TẦNG 6 +16.000
TẦNG 5
+12.600
TẦNG 4
+9.200
TẦNG 3
+5.800
TẦNG 2
+2.900
±0.000
TẦNG 1
-0.450
4000
MẶT ĐỨNG TRƯỚC
GÁC LỬNG
GÁC LỬNG
0003
0043
0043
0043
0092
0092
054
05491
650 1400 700 450
650 1400 700 450
650 1400 700 450
650 1400 700 450
4000
MẶT ĐỨNG SAU
0002
0001
0001
0051
009
0001
0051
009
0001
0051
009
005
0051
009
057
0062
150 950 250 2400 250
009
0011
0001
009
0052
0001
0042
0001
0042
057
0531
008
059
0042
02
1200 800 2000
100 1050 800 250 1700 100
700 800 700 500 800 500
200 2250 1550
200 2700 1100
150 3600 250
0051
009
009
009
009
009
GÁC LỬNG
+4.700
PHÒNG 2C
+2.900
120 2030 1650 100 1650 900
03 02 01
GÁC LỬNG
GÁC LỬNG +7.800 +7.120
GÁC LỬNG +7.120
01 02 03
03 02 01
PHÒNG 4B GÁC LỬNG
GÁC LỬNG +9.200 +11.200
+10.520
PHÒNG 4A +9.200 GÁC LỬNG +10.520
PHÒNG 4C
+9.200
GÁC LỬNG
01 02 03
GÁC LỬNG GÁC LỬNG
GÁC LỬNG
100 2050 1650 100 1650 900
GÁC LỬNG GÁC LỬNG
03 02 01
PHÒNG 5B GÁC LỬNG
GÁC LỬNG +12.600 +14.600
+13.920
PHÒNG 5A +12.600 GÁC LỬNG +13.920
PHÒNG 5C
+12.600 GÁC LỬNG
GÁC LỬNG 01 02 03
0231
0231
0231
0231
0231
0231
1650 1650
1650 1650
1650 1650
0002
0002
0002
0081
NPD#19 - Kiến trúc - PCCC
054
MC
1-1
MC
1-1
MC 1-1
120 2030 1650 100 1650 900
MC 1-1
MC
1-1